   2.1817647e+00
   2.5807224e-01
  -4.8192719e-02
   5.0923205e-01
   4.2211202e+00
  -7.7345881e+00
   1.4394528e+01
   1.2614388e+00
  -1.2382406e+00
  -5.3599532e-01
   3.9232628e+00
   1.7118489e-02
  -8.4740731e+00
   3.3017138e+00
  -1.9454834e+01
   1.5144613e+00
   4.9181899e+00
   1.7812576e-01
  -3.8451124e+00
  -5.8895102e-02
   3.2833029e+00
   3.7133139e+00
  -2.4640728e+00
  -1.4082669e+01
  -2.9243596e+00
  -6.7842690e+00
   1.2675896e+01
  -2.0777510e+00
  -5.6912033e+00
   2.3973141e+00
   2.9461265e+01
  -8.7874490e+00
  -1.3210453e+01
  -1.3731781e+01
   2.1720530e+01
  -1.1243923e+01
   1.9356064e+00
  -1.4602606e+01
   3.0941480e+00
  -5.8224306e+00
   7.9266906e+00
   5.4115973e-01
  -4.1889990e+00
   2.4833848e+00
   4.2685744e+00
   1.5850397e+00
   1.3937107e+00
   2.7302172e+00
   1.9809552e-01
  -5.4165525e+00
  -1.2863619e+00
  -8.5004346e+00
  -1.3282895e+00
  -1.8960739e+01
  -2.1166458e+00
   8.6137585e+00
   4.4863016e-01
   1.3422830e+01
   6.4493623e+00
  -8.3294605e+00
   1.4299040e+00
   4.9326738e-01
   4.4387878e+00
  -3.2550380e+00
  -1.1450975e+01
  -6.4941311e+00
   8.8334682e+00
   4.5543561e+00
   1.0684087e+01
  -1.8999576e+00
   2.8383680e+00
  -2.0386454e+01
   1.8486853e+01
   5.1323373e+00
   2.7514457e+00
   5.6725370e+00
   4.3303006e+00
  -6.6557722e+00
  -1.8395064e+01
   4.1012164e+00
   3.9784535e+00
   6.9370173e+00
  -2.0259440e+01
  -1.3201395e+01
   1.4388407e+01
   1.0745430e+01
  -2.0537894e+01
   5.9601216e+00
   4.2141876e+00
   7.1172380e+00
  -1.2822685e+01
   3.1295711e+00
  -2.1350092e+01
   1.7653819e+01
  -9.9419766e-01
  -2.3968188e+01
   5.5035442e-01
  -1.6069277e+01
   1.0128156e+01
   3.7355942e+00
   1.3093387e+01
   1.3156959e+01
  -1.2709694e+01
  -2.2349956e+01
  -1.9977650e+01
   7.4895946e-01
   1.9555961e+00
  -3.6120682e+00
  -1.2749695e+01
  -7.5669552e+00
   4.4854898e+00
  -2.9929309e+00
  -4.4855546e+00
  -4.5614521e+00
  -1.3136747e+01
  -1.1714295e+00
  -1.4857462e+01
  -9.3263081e+00
  -1.2949281e+01
   2.1037064e+00
  -2.9515693e+01
   3.5345302e+00
   1.2826681e+01
  -5.6270992e+00
   3.7979249e+00
  -1.2471960e+01
   2.9448809e+00
   2.3222601e+01
   3.7516564e-01
  -4.5082100e+00
   1.4753393e+01
  -7.0678503e+00
  -1.7845123e+00
   1.2883622e+01
   4.4601516e+00
  -9.9654320e+00
  -2.1643939e+01
  -8.7971182e+00
   3.4248948e+00
   3.2991199e+00
  -4.2136765e-01
  -1.1458827e+01
  -9.3359125e+00
   3.5591985e+00
  -1.1270600e+01
   1.8808556e+00
   2.8939951e+00
   4.0989985e+00
   2.3411451e+01
  -5.8084113e+00
   4.0384526e+00
   5.6508794e+00
   1.0262138e+01
  -2.3136441e+00
  -1.3144949e+00
   2.4671662e+00
  -2.6781206e+00
  -8.7117037e-01
  -8.9889324e-01
  -3.2574416e+00
   7.7761283e+00
  -1.6769707e+00
  -1.6147731e+00
   1.9664103e+00
   2.7951506e+00
  -1.4593987e+01
  -4.8375404e+00
   4.0896788e+00
   9.1591655e+00
   3.4956006e+00
  -1.8041881e+00
   4.2084090e+00
   8.1822308e+00
   5.2461893e+00
   3.9169893e+00
   6.7431319e+00
  -7.8902101e+00
  -2.3121721e+01
   1.0850500e+01
  -1.1003988e+00
   1.5799318e+00
  -7.2106667e+00
  -3.0288208e+00
  -2.2845677e+00
   3.3738529e+00
   2.8249176e-01
   8.7446653e+00
  -1.6233462e+01
  -7.0912972e+00
  -5.8823770e+00
   5.0380398e+00
   4.4762798e+00
   1.2656839e+00
   1.9073979e+00
  -1.9763666e+01
   7.1927464e+00
  -4.4923890e+00
  -5.4618868e+00
   2.0288181e+01
  -1.9122615e+01
   3.0629652e+00
   6.1109619e+00
  -1.4534676e+01
  -8.6616687e+00
   4.1777977e+00
   2.0410740e+01
   1.0965353e+01
  -4.0366383e+00
  -5.9360230e+00
   1.3487827e+00
   5.5628327e+00
  -2.8723478e+00
  -7.6181756e+00
   1.3116140e+01
   5.5561651e+00
   1.2631565e+01
  -5.0354360e+00
  -1.1935789e+00
  -7.1098180e+00
   1.2529566e+01
  -1.1856672e+01
  -3.3724550e+00
   1.3657187e+00
  -1.6697406e+01
  -7.0542502e-01
  -3.2541208e+00
   1.1245980e+01
   4.6836999e+00
   9.4665025e+00
  -5.2533567e+00
   4.6189578e+00
  -7.4492408e+00
   1.4089113e+00
   1.5102390e+01
   1.5336696e+01
   1.6533957e+01
   4.9430702e+00
   5.0622912e+00
   4.9538076e+00
  -9.0855234e+00
  -2.5727104e+01
   7.7779830e+00
  -1.1680717e+01
  -4.3748698e-01
  -3.6477143e+00
   1.5392276e+01
   3.1709086e+00
   3.7355039e+00
   1.1530208e+01
   1.2411804e+01
  -1.2525654e+01
  -1.2274209e+01
   1.5882735e+01
   7.1432396e+00
  -3.0411495e+00
  -2.4952398e+00
   1.1119230e+00
   1.0033767e+00
   1.2705762e+00
   1.5103053e+01
  -1.5212772e+01
   3.1689196e+00
   1.0745549e+01
   8.1974899e-01
   2.5894507e+00
   1.6007164e+00
  -2.1657254e+00
  -5.7730312e+00
   6.5942001e+00
   1.0148067e+01
   3.7983308e+00
  -1.5300780e+01
   9.6117030e+00
   1.7170386e+01
   2.4319689e+01
   1.1904048e+00
  -8.9455744e+00
  -1.1137361e+01
   6.0794355e+00
   1.7015351e+01
  -6.9548136e+00
  -2.2227545e+00
   1.1275863e+00
  -6.3942446e+00
  -5.2453157e+00
  -1.1584952e+01
  -2.7991149e+01
   1.0114815e+01
   1.3334663e+01
   9.4142512e-01
  -1.7064242e+00
  -2.4678271e+01
   1.3370510e+01
  -2.3221009e+00
  -1.3092210e+01
  -1.1134774e+01
  -1.0921761e+01
  -1.4575096e+01
   1.6582372e+01
   4.6215799e+00
   6.4418619e+00
  -2.6678868e+00
   1.6135916e+00
  -1.7839750e+00
   6.6285977e-01
  -2.4140642e+01
  -3.0326493e+00
   2.6282303e+01
   1.7347336e+00
   8.3366698e+00
  -8.4851797e+00
  -1.6753437e+00
  -3.9087323e-01
  -2.0665391e+00
   2.5342136e+00
  -6.1022591e-01
  -9.3893482e+00
  -1.3931952e+00
  -3.4922640e+00
   1.7245174e+00
   4.0196008e+00
   1.4739274e+01
  -1.9973907e+00
   6.4458839e-01
  -2.1039547e+01
  -2.2240385e+00
   1.4822212e+01
   1.2007645e+01
  -7.0120945e+00
   2.3675090e+00
   1.7383186e+01
   1.1505576e+01
  -1.0745825e+01
   1.6358045e+01
   8.3035528e+00
  -1.2726684e+01
  -1.1658519e+01
  -9.6575937e+00
  -2.0310234e+00
   4.4549577e+00
   5.7621106e+00
  -6.8969214e+00
  -1.0332771e+01
  -2.4174940e+01
  -8.0946686e+00
  -5.5067161e+00
   4.6172695e+00
  -2.9925912e+00
  -9.9113507e+00
   1.1245921e+01
   1.8064897e+01
   1.7801479e+00
  -8.1258511e+00
   4.2890759e+00
   1.7658340e+01
   7.4257968e+00
  -8.7870706e+00
   1.1085122e+00
   8.2681972e+00
  -3.5691766e+00
   9.0656656e+00
   6.9687479e+00
  -9.9619495e+00
  -1.2603894e+01
  -2.8227165e+01
   5.2340301e+00
   1.7200649e+01
   8.2781172e+00
   1.2313169e+01
   4.8450817e+00
   2.1199149e+01
   7.6519454e-01
  -1.6940828e+01
  -1.0831863e+01
  -9.5221288e+00
  -1.3647535e+01
  -1.2193411e+01
   1.7660912e+01
   6.3133120e+00
  -3.2381623e-01
  -7.6337598e+00
  -1.5713373e+01
   1.7440910e+01
   1.3419908e+01
  -1.7208738e+01
  -1.8071997e+01
   2.3694948e+00
  -1.9318727e+01
  -5.4724593e+00
   6.1501291e+00
   1.0797316e+01
  -1.2409787e+01
  -5.0478999e+00
   7.9489630e-01
  -6.2442125e+00
  -5.1201576e+00
  -1.6753893e+00
  -8.7399327e-01
  -5.3379384e+00
  -6.3962429e+00
   2.6204938e+00
  -9.8738988e+00
   3.0826441e+00
  -1.1749843e+01
   8.1749653e+00
  -2.7499544e+01
   9.7338147e+00
   2.5218807e+00
  -3.0397000e+00
   3.7818536e+00
   2.4206561e-01
   3.4902948e+00
  -1.2182079e+00
  -9.0847866e+00
   5.4185370e+00
   1.4492042e+01
   1.2392483e+01
   1.2224739e+01
   5.5330134e+00
   3.3124013e+00
  -1.5499224e+00
   9.6004947e+00
  -1.2047234e+01
   2.3822274e+00
  -9.4009553e+00
  -6.1961975e+00
   5.9385491e+00
   9.9831687e+00
   1.0491721e+01
   3.5761993e-01
  -4.3982303e-02
   3.9060449e+00
   8.1742747e+00
   1.0633450e+01
   2.4085335e+01
   1.9072814e+01
   2.3786120e+00
   4.0524637e+00
   1.9288672e-01
   3.4017989e+00
   4.7904071e+00
   8.0642808e+00
   1.3595866e+01
  -5.3281244e+00
  -9.1754023e+00
  -5.9668516e+00
   2.9564547e+00
   8.4452400e+00
   7.9078720e+00
   4.1168619e+00
  -6.0789044e+00
   3.2068783e+00
  -8.0229923e+00
  -1.1281903e+01
  -1.3405748e+01
  -3.9448611e+00
  -1.5776689e+00
  -1.1738620e+01
   1.3073948e+01
   9.4808009e+00
  -2.4289398e+01
   8.3444058e+00
  -4.4367947e+00
   4.6413877e+00
  -4.7780182e+00
   1.3194206e+00
  -5.1299522e+00
  -8.1742454e+00
  -2.0245780e+00
   6.4433531e+00
   1.4215592e+01
  -5.6091842e-01
  -9.8468126e+00
  -9.5989281e-01
   3.1289442e+00
   2.1903116e+00
   1.5865596e+01
  -1.1168487e+01
   5.8942999e+00
   6.7993675e+00
  -8.1807601e+00
   1.6255720e+01
  -1.0481820e+01
   8.3929063e+00
  -1.0678347e+01
  -1.2863961e+01
   4.3234296e+00
  -4.6591718e+00
  -1.3659748e-01
   2.1280202e-01
   5.1452318e+00
   2.5772600e+00
   1.4968714e+01
   2.1085630e+00
   6.5747167e+00
   2.5913133e+00
  -5.4351718e+00
   9.0982325e+00
  -3.3305677e+01
  -2.9662509e+00
  -5.7877974e+00
   4.1305973e+00
  -7.7928426e+00
   4.8050500e+00
  -1.0040688e+01
   1.3637825e-01
  -1.2790792e+01
  -4.1108616e+00
  -1.1024902e+00
   4.1041478e+00
   1.9589984e+01
   9.0915383e+00
  -9.7902005e+00
   4.9100335e+00
   8.8385189e+00
  -7.0538679e+00
   1.1270492e+01
  -3.0581776e-01
  -1.4261973e+00
  -3.5526181e+00
   8.0664555e+00
  -1.7305965e+00
   1.3167142e+01
  -3.5624997e+00
  -2.7832309e+00
  -1.4792791e-01
  -1.3553759e+01
  -4.1450041e+00
   1.2804689e+00
  -2.7246434e+00
   9.2195865e+00
  -6.5014698e+00
   7.1519447e+00
  -4.9677016e+00
  -4.3189057e+00
   7.4030372e+00
   1.0776734e+00
   1.0054645e+01
   2.8031059e-01
   9.7092664e+00
  -1.1477249e+01
  -8.5847511e+00
   2.5924494e+00
  -1.3073966e+00
  -7.7095527e+00
  -2.7021867e+00
  -6.0801325e+00
   9.2550853e+00
   3.6176968e+00
  -1.1066034e+01
   8.8375487e+00
   2.1467875e+00
  -6.0813934e+00
  -4.5943520e+00
  -1.2952857e+01
   2.8171155e+00
   6.8606160e+00
  -2.2616191e+00
  -6.6012895e+00
  -7.6967279e+00
   4.3035118e+00
   4.9607479e+00
  -7.1467185e+00
  -1.1644909e+00
  -2.3614180e+00
  -1.2008461e+00
  -8.8135396e+00
  -1.0300007e+00
   1.0424067e+01
  -1.5592206e+01
  -1.5354810e+00
   4.6410440e+00
  -5.3740794e+00
  -1.3795798e+01
   9.3112048e+00
   8.4717629e-01
   6.9258975e+00
  -4.5887111e+00
  -7.1005503e+00
  -9.2735969e+00
   1.5278731e+00
   3.7176026e+00
  -3.5699293e+00
  -9.6540215e+00
   3.1064619e+00
   3.8855483e-01
  -6.2675726e+00
   2.6196039e+01
   2.3707842e+00
   9.4018814e+00
  -8.0683287e+00
  -5.6347316e+00
   1.1642805e+01
  -1.2359243e+00
  -9.4964891e+00
   5.1512957e+00
   1.0810411e+01
   1.0067928e+01
  -1.4249295e+01
  -7.4314014e+00
   1.0031426e+01
   1.6585004e+00
   2.0727521e+00
   8.6887956e-01
  -1.2078892e+01
  -1.2196653e+01
   5.7193206e-01
  -1.2611966e+01
  -1.1819832e+01
  -8.7920780e+00
  -8.8711192e+00
  -1.3628632e+01
   1.4635947e+01
  -1.2777544e+01
   3.4177501e+00
  -1.3184092e+01
  -7.2876136e+00
   5.7225966e+00
  -2.4133964e+00
   8.1946005e+00
   6.2176310e-01
  -6.7939365e+00
  -3.0574527e-01
   4.5414117e+00
   8.8980000e+00
  -3.6859068e+00
  -5.8874551e+00
  -9.3022682e+00
   6.2415488e+00
  -9.0901913e+00
   1.3027708e+00
  -8.5063745e+00
  -4.2120393e+00
  -2.3280165e+01
  -7.0911266e+00
  -1.2172884e+01
  -9.1711154e+00
  -5.6524538e-01
  -6.0155549e+00
  -8.5183904e+00
   7.6511001e-01
  -7.4742853e+00
  -1.5627624e+01
   1.9415463e+00
   4.5116048e+00
   1.5709994e+00
   5.1878192e+00
  -8.1425770e+00
  -8.5271134e+00
   9.5497754e+00
  -1.0580183e+01
   3.1144732e+00
  -3.0064881e+01
  -7.0839721e+00
  -4.8340295e+00
   1.8575442e+00
   8.2878660e+00
   1.2921916e+00
   1.1708016e+01
  -1.0295990e+01
   3.8673546e+00
   2.6764836e+00
   1.2893155e+01
   3.6665282e+00
  -4.1442254e+00
  -9.8565917e+00
  -2.8127247e+00
   1.0416141e+01
  -8.8112438e+00
   6.6339680e+00
   2.2336814e+01
   2.1048849e+01
  -9.0507793e-01
   1.9744651e+01
   6.6759590e+00
   1.3449943e+01
   6.7202586e+00
  -4.0807374e+00
   1.0458410e+00
   1.4690721e+00
  -6.9695947e+00
  -1.4005131e+01
  -1.1308042e+01
   1.7309901e+00
   9.2078550e+00
   1.2936413e+01
   8.0550768e+00
  -5.0265134e+00
   8.8415513e+00
  -2.5080811e+01
  -4.7676099e+00
   8.7507946e+00
   2.0410126e+01
   2.3933099e+00
   2.2819801e+00
  -1.5475760e+00
  -6.4807570e+00
   3.9250248e+00
   1.0545090e+01
   1.0416246e+00
   7.0836314e+00
   1.9455529e+00
   1.2910559e+01
  -4.1893361e+00
   8.0450851e+00
   2.8677548e-01
   6.7743825e+00
  -1.1096492e-01
   5.4481892e-01
   4.5674096e+00
   1.7012112e+00
  -7.6422363e+00
   5.7682947e+00
  -1.3671066e+00
  -8.8033934e+00
  -7.9639801e+00
   4.8106064e+00
   4.7373346e-01
  -1.8843349e+00
  -7.0616349e+00
   1.0500870e+01
  -3.5841217e+00
   9.7755880e+00
  -3.9113573e+00
  -3.1363721e+00
  -9.1028647e+00
  -1.0023826e+01
  -1.1593937e+01
   1.2096912e+01
  -1.1317505e+00
   3.0682114e+00
  -6.5450659e+00
   1.1827733e+00
   3.2566916e+00
  -9.4162863e+00
   1.5225622e+01
  -6.7517567e+00
   6.1950513e+00
  -1.8914893e+01
   6.7538232e+00
  -1.0449424e+01
   5.6941632e+00
  -1.7459882e+01
  -3.0566807e+00
   3.6744946e+00
   4.0853395e+00
   2.0214724e+01
  -9.6709164e+00
   4.8778393e+00
   1.7991061e+00
  -5.5144865e+00
  -8.5672264e+00
  -1.4278813e+00
  -1.1279322e+01
   2.1582448e+01
   1.3368592e+01
   1.2857140e+01
   1.5402957e+01
  -1.4881953e+01
  -8.9934069e+00
  -1.8137323e+00
  -5.8593418e+00
   1.1702363e+01
  -7.9819802e-01
   8.6923519e+00
   9.6196114e+00
   9.6830599e+00
  -8.3366945e+00
  -1.8413067e+01
   9.2423064e+00
  -3.1173697e+00
  -1.0388809e+01
   7.1006243e+00
  -8.4394738e+00
   1.2837106e+01
  -4.0406711e-01
   6.0408819e+00
   7.4648620e+00
   2.5645697e+00
   1.7356662e+01
  -6.1016332e+00
   1.5580775e+01
  -2.3996662e+01
  -6.0442721e+00
  -7.1079790e+00
   3.3101921e+00
   3.5422381e+00
  -2.7688034e-01
  -1.6184494e+01
  -7.6427048e+00
   1.0787116e+01
  -7.1495509e+00
  -8.9768322e+00
  -1.1519277e+01
  -1.1649805e+01
  -5.6395752e+00
  -5.9910415e+00
  -1.4390693e+00
   2.9471215e+00
   1.5628059e+00
   4.5683911e+00
  -2.1854829e+01
   8.2208640e+00
  -8.7540777e+00
  -2.9888176e+00
  -3.4575655e-01
   1.1886092e+01
   1.3390848e+00
   6.5608332e+00
   6.6969604e+00
   5.5918881e-01
   1.5608993e+01
  -9.9780480e-01
   1.2245094e+01
  -1.6812688e+01
  -1.0573918e+00
   1.9410033e+01
   4.8033236e+00
   3.1000138e+00
   1.3634903e+01
   6.3504634e+00
  -3.7801419e+00
   9.3534834e+00
  -7.6006467e+00
   1.2245389e+01
   1.4168081e+01
  -4.5514133e+00
  -6.7342934e-01
   2.3015061e+01
   1.0607495e+01
  -4.4026701e+00
   1.6000718e+01
  -5.8407317e+00
  -1.8163330e+01
   5.1600656e-01
  -5.2334929e+00
  -1.5737154e+00
   6.5206236e-01
  -2.3665617e+01
  -3.4496386e+00
  -1.3381303e+00
   1.9920098e+01
  -6.7687421e+00
   3.7706338e+00
   8.7638761e+00
  -3.4648684e+00
  -4.2170513e+00
  -1.3933638e+00
   1.0698485e+01
  -1.3312254e+00
  -1.1240011e+01
   1.0840702e+01
   9.1098511e+00
   4.5534865e-01
   3.0784769e+00
  -7.5848012e+00
  -8.1666359e+00
   8.1894694e+00
  -3.6104045e+00
  -1.0243556e+01
   2.7380998e+00
  -3.5426115e+00
   1.8546098e+01
  -4.5750906e+00
  -3.0460233e+00
  -4.5739151e+00
   8.3455710e-01
   7.9759409e+00
  -8.4994596e+00
  -1.4089223e+00
   9.8656821e+00
  -5.7394090e+00
   7.9511425e+00
  -1.6750323e+01
   6.6501835e+00
  -7.5340415e-01
  -3.6396442e+00
   1.1915836e+01
  -6.9661363e-01
  -9.3532842e+00
  -3.3991247e+00
  -1.7656464e+01
  -3.7484541e+00
  -8.8893351e-01
  -8.0233588e+00
  -4.9853707e+00
  -3.7275163e+00
   2.3481342e+01
   6.6531524e+00
  -3.3962486e+00
   1.1006590e+01
  -1.1620887e+01
   1.6119574e+01
   1.0085530e+00
   1.2014707e-01
   1.2500045e+01
  -4.4173757e+00
  -3.5486460e+00
   8.9857486e-01
   1.9329558e+01
   4.4826044e+00
  -3.7965612e+00
  -4.3249399e+00
   1.0203233e+00
   1.2835506e+01
  -2.0514552e+01
   3.9438918e+00
   2.8868572e+00
  -1.1400606e+00
  -1.4775649e+01
   1.6980054e+01
   4.3211887e-01
   1.0391323e+00
  -4.9271518e+00
  -2.2719334e+01
  -1.0399841e+01
  -4.4959735e-01
   1.1842731e+01
  -1.7387333e+01
   1.4509089e+01
   2.1003513e+01
   1.4709059e+01
   1.6487476e+00
   4.6864171e+00
   6.7030027e+00
  -7.2383831e+00
  -2.6268213e+01
  -1.1819600e+00
  -1.0317647e+01
   1.9680833e+01
   3.8662575e+00
  -1.2559532e+01
   1.4401796e+01
   4.9915711e+00
  -2.6090621e+00
   2.5189840e+00
   2.4320403e+00
   1.3546659e+01
   7.8302881e+00
   3.5803048e+00
   1.2636976e+01
  -5.4544608e+00
  -1.4569958e+01
   1.3683851e+01
  -7.8663057e+00
   3.5576202e+00
  -1.3487126e+00
  -4.5690698e+00
   2.3445159e+00
   9.6668813e+00
   2.2168657e+01
   3.4133592e+00
  -8.7096802e+00
  -7.2009461e+00
   2.1327549e+00
   1.4014899e+01
   3.8281832e+00
  -1.9040516e+01
   1.6144519e+01
  -1.1969412e+01
   6.8083504e+00
   1.2632575e+00
   2.0235021e+01
  -1.2261455e+01
   6.1752533e+00
  -8.3284476e+00
  -6.7708682e+00
  -4.5534766e+00
  -1.5694890e+01
  -6.8311470e+00
   1.2563385e-01
  -5.4925868e+00
   7.7198148e+00
   8.3794014e+00
   7.3896895e+00
   4.5459154e+00
   2.6264337e+00
   1.0197661e+01
  -2.5689726e+00
  -1.3118690e+01
  -4.9782429e+00
  -6.2935923e-01
  -2.9587665e+01
  -3.4705407e+00
   3.5505965e+00
   1.4965241e+01
   1.5739447e+00
  -7.1936979e-01
  -1.5355086e+01
   1.9611186e+00
   1.2204543e+01
  -8.4035352e+00
  -2.1376926e-01
  -4.3962572e+00
  -7.3663060e+00
  -2.0500933e+01
  -4.8939019e+00
   2.8608490e+01
  -6.5097505e+00
  -8.6411421e-01
  -9.3596704e+00
   1.3692460e+00
   3.7370655e+00
  -1.5795753e+01
   1.0674257e+00
   8.9541687e+00
  -6.6196701e+00
   9.6076400e+00
   5.8344060e+00
  -8.2659598e+00
   3.1356685e+00
  -9.0767311e+00
  -1.3578337e+01
   3.2659128e+00
   1.1348183e+01
  -1.1995515e+00
  -1.2437433e+00
   1.1731938e+01
   9.6551872e-01
   4.1392164e+00
  -1.2862715e+01
  -3.7114037e+00
  -1.8768394e+00
   6.2639800e+00
   8.0312253e+00
   2.2125299e+01
  -6.4376405e+00
   1.7432085e+00
  -3.7032364e+00
  -8.8003887e+00
   8.8739560e+00
  -1.8236565e+01
  -3.1622379e+00
   1.0225318e+01
   1.0059669e+01
   2.7747342e+00
   7.4668415e+00
  -9.6260787e+00
   1.7662325e+01
   6.1193526e-01
  -1.6622528e+00
  -6.9703586e+00
   1.5156170e+00
   7.2676887e+00
  -6.5998942e+00
  -3.5811574e+00
  -6.7837652e+00
  -3.3490627e-01
   1.3745902e+01
  -3.6649322e+00
   3.6180401e+00
  -8.6295180e+00
  -3.4289988e+00
  -1.7728099e+01
  -1.3796354e+00
   1.3155621e+01
  -7.6111570e-01
   1.8241158e+00
   9.2299268e-02
   3.1643118e+00
   3.0044021e+01
  -1.0893460e+00
  -8.9481055e+00
   9.4863221e+00
   1.8127543e+00
   5.5289697e+00
   1.6727120e+01
  -3.0462557e+00
   7.0885503e+00
   1.1720432e+01
   1.1156746e+01
  -6.1032609e+00
  -1.9863574e+01
   1.6885815e+01
   1.2141901e+01
  -9.6956852e+00
   1.4053275e+01
  -1.6449679e+00
   5.4852005e+00
   4.7415005e-01
   1.6838365e+01
   4.9530953e+00
   5.0663909e+00
  -5.3862058e+00
   2.2678991e-01
  -6.7524998e+00
  -1.3288504e+01
   1.4113656e+01
  -5.3927007e+00
   1.7570346e+01
   5.4632567e-01
  -1.5625387e+01
   3.4328506e+00
  -7.9362176e-01
   7.5294448e+00
  -1.3014126e+01
  -1.1885672e+01
   1.1784980e+00
  -1.2317272e+01
   2.2400622e+00
  -1.3991629e+01
  -3.7816586e+00
   4.9657436e+00
  -5.8413525e+00
   2.8768416e+00
   8.0815159e+00
   8.6721975e+00
   5.7092002e+00
  -8.2489777e+00
  -1.2037400e+00
  -3.9016523e+00
  -1.1297492e+00
   4.4668155e+00
  -7.8915019e-01
   4.5179471e+00
  -1.1842471e+01
  -6.8692190e+00
  -1.7563079e+01
   1.1715192e+01
  -9.3496831e+00
  -2.7749850e+00
  -1.4773340e+00
  -4.1089686e+00
   7.4842857e+00
  -1.3486227e+00
  -9.6523695e+00
  -1.2784109e+01
  -2.1076127e-02
  -8.0740175e+00
   3.5680672e+00
  -1.8584436e+01
   6.2643892e+00
   6.9183348e+00
   4.4044298e+00
  -8.1981040e+00
   8.7763499e+00
   1.0102344e+01
   5.2651733e+00
   5.3803001e+00
   2.0351833e+01
   1.9717659e+01
   5.8627257e+00
  -5.7680078e+00
  -1.1540236e+00
  -3.3959743e+00
   5.1527602e-01
   4.6343994e+00
  -2.0516464e-01
   1.1027052e+01
  -8.1263857e+00
  -9.5142370e+00
   2.2618565e+00
   9.0833976e+00
  -1.5900910e+01
  -4.1626023e-01
  -4.1635945e+00
   5.7142976e-02
  -3.0600464e+00
   3.0911466e+00
  -3.2464708e+00
   1.1235936e+01
   1.1893297e+01
  -6.9896867e+00
   2.7958394e+01
   1.6886024e+00
   1.0296838e+01
  -1.1346918e+01
  -1.5869925e+01
   3.7452582e-01
  -1.4404855e+01
   4.9374576e+00
  -1.3628655e+01
  -1.3728560e+00
   6.7049115e+00
  -6.5551665e+00
   4.5878065e+00
  -7.6699968e+00
  -5.2637925e+00
   8.1388310e+00
   3.8871392e+00
   9.6852017e+00
  -1.6574959e+01
   8.3762380e+00
  -3.6013401e+00
   2.0546688e+01
   1.0930834e+01
   1.0011038e+01
   8.4000714e+00
  -7.3187952e+00
   1.1018509e-01
   1.7278745e+00
   2.2810965e+00
   1.8272874e+01
   4.2216895e+00
   2.5709616e+00
  -8.2263570e+00
   6.0315586e-02
  -4.3219166e+00
   2.1762168e+00
   6.6910891e-01
  -4.8991546e+00
  -1.5883224e+01
   1.1741468e+01
  -2.4169733e+00
   1.2499214e+01
   1.7586106e+01
  -1.7876628e+01
  -1.4152220e+01
  -6.2145244e+00
  -7.3166556e-01
   1.7188954e+01
   8.3786676e+00
   2.5805496e+00
  -1.2368773e+01
  -8.1983236e+00
   3.6574438e+00
  -1.0997324e+01
  -1.2513749e+01
  -4.7436489e+00
   1.4345158e+01
   1.1679271e+01
   2.1530134e+01
   1.0104235e+01
   1.5431540e+01
  -2.8572302e+00
  -5.7036233e+00
  -6.7642994e+00
   1.6869418e-02
   6.8551513e+00
  -7.1698800e+00
  -8.6954682e+00
  -3.1759585e+01
  -2.3224858e+00
   5.4288387e+00
   1.0370082e+01
  -2.2214672e+01
   2.1838251e+00
   4.2342153e+00
  -2.0763114e+01
   3.8690708e+00
  -1.1266238e+01
   1.2924822e+01
  -7.4281309e+00
  -3.5220842e+00
  -7.9941246e+00
  -2.4010785e+00
   1.5296943e+01
   4.4170488e+00
   1.1133855e+00
   1.9510948e+01
  -1.4546559e+01
   1.0233244e+00
  -7.3290893e+00
   1.5929070e+00
   8.5840655e+00
   5.0901782e+00
   1.2849707e+01
   1.0978143e+01
   2.1266447e+00
   1.9064335e+00
  -1.4074296e+00
   3.8706669e+00
   3.1708545e+00
  -1.0270373e+01
   3.8557583e+00
  -1.7342497e+00
  -2.0654934e+01
   4.5586051e+00
  -9.8112577e+00
  -8.6051562e+00
  -1.1758053e+00
  -7.9171875e+00
  -1.5344086e+01
   8.3635031e-01
   7.9800139e+00
  -8.2319183e+00
  -2.4467114e+00
   3.0549845e+00
   1.3503055e+00
  -7.3381207e+00
   1.6001218e+01
   1.0386765e+01
   2.0282323e+01
  -2.0641739e+00
   1.7039439e+01
   7.8663890e-01
  -1.5092944e+00
   1.6108500e+01
  -6.3090384e+00
   1.2232074e+01
  -9.8785920e+00
  -1.8244466e+01
   3.7552247e+00
  -2.0188377e+00
   4.1577156e-01
   6.6491666e+00
  -2.9920217e+00
   1.3974150e+01
  -1.1207217e+00
   2.7824267e+00
   7.8987081e+00
  -3.6908185e+00
   8.6943017e+00
   7.1336138e+00
   8.0412287e+00
  -1.1594828e+01
  -1.4772091e+01
  -1.0860249e+01
  -7.2623127e-01
  -3.2997394e+00
  -2.2648551e+01
  -1.4400254e+01
   1.1187577e+01
  -1.1615368e+01
   9.6896741e+00
  -7.8697198e-01
  -1.6405473e+01
   6.9263940e+00
   7.1815356e+00
   9.9020834e-02
   1.0419354e+01
  -1.9659866e+00
  -5.5911003e+00
  -6.2355979e+00
   8.3446453e+00
   5.4781217e+00
   1.7786336e+01
   1.2132518e+01
  -5.0376554e+00
  -5.1361603e+00
  -8.3277798e+00
   2.9056921e+00
  -1.0399143e+01
  -5.3538815e+00
   5.1594918e-01
  -2.2027224e-02
  -1.2467946e+01
   7.3281779e+00
   2.2402708e+00
   1.7452155e+00
  -2.1747807e+00
   1.1098693e+01
   9.1451849e+00
   1.3430233e+01
  -8.9698672e+00
  -7.7265241e+00
  -1.6717376e+00
   1.0054030e+01
  -1.4113163e+01
   3.2391275e+00
  -3.2114830e+00
  -2.2354435e+00
   3.5155086e+00
  -6.3698382e+00
   1.8585956e+01
  -1.3060754e+01
   3.6801739e+00
   6.9975520e+00
   8.5361963e+00
  -2.6090215e+00
  -4.4689791e+00
   9.5134777e+00
  -1.5081971e+01
   5.9236067e+00
  -1.6771322e+01
   1.2840498e+01
   8.0520429e+00
  -3.3715346e+00
  -8.7995271e+00
  -9.3827538e+00
  -9.5184783e+00
   1.2602226e+01
   3.4786938e+00
   5.3541388e+00
   3.1013557e+00
   9.6836537e-01
   8.5180529e-01
  -5.9841411e+00
   3.1171662e-01
  -1.0190687e+01
  -2.0141925e+01
   7.2121032e-01
   1.2038007e+01
   1.0672551e+00
  -9.3405060e+00
  -3.6016167e+00
  -9.4229325e+00
   9.6301949e+00
   5.7647570e+00
  -1.5282963e+01
  -8.6075423e+00
   1.3939576e+01
   1.2205658e+01
   7.6630403e+00
   1.4207355e+01
  -9.6901245e+00
   5.5279144e+00
  -1.5249424e+01
  -1.7704523e+01
  -3.2212216e-01
  -5.4686582e+00
  -2.6950791e+00
  -4.2262970e+00
   5.7730965e+00
  -1.8968269e+00
  -6.8431454e-01
   1.6072480e+01
  -2.1684933e+01
  -2.7123644e+00
  -1.0675423e+00
  -1.8683742e+01
   7.7364282e+00
   2.8387797e+00
   2.1964305e+01
   1.8752674e+00
   1.0162249e+01
   1.1118743e+01
   1.3369464e+01
   9.5933225e-01
  -1.8362345e+00
  -3.8809350e+00
   1.2137026e+00
  -8.9907805e+00
  -5.4982276e+00
   6.0099714e+00
  -1.6900103e+01
  -1.1686191e+01
   1.4967467e+01
   1.6560125e+01
   8.8495879e+00
  -2.1787817e+01
   2.1174127e+01
   2.5004160e+00
   1.2806435e+00
   2.9341584e+00
   2.5160876e+00
   3.5968344e+00
  -1.0956848e+01
  -8.5689401e+00
  -8.0939558e+00
   5.3385910e+00
  -6.4910346e+00
  -6.5834027e+00
   7.8260006e-01
  -1.1148262e+01
  -4.1229655e-01
   1.2240977e+01
  -7.5263259e+00
   8.9539109e+00
   9.6017768e+00
   2.0412328e+00
   9.1382468e+00
  -4.0554059e+00
  -8.6097660e+00
   9.6589106e-01
  -4.9325541e+00
   1.3080086e+01
  -5.1897203e+00
  -4.7966330e+00
   8.8500060e+00
  -9.3951946e+00
   5.0496861e+00
   1.5699203e+01
  -2.3449547e+00
  -9.7488000e+00
  -1.2517557e+01
  -1.5462775e+01
   6.2379430e+00
   9.4086301e+00
   1.5368923e+01
   2.9939612e+00
   2.9861599e+00
   9.3139601e+00
  -8.6976876e+00
  -1.5485237e+01
  -4.4897621e+00
   2.8738677e-01
  -2.6003285e+00
   2.7958740e+00
  -5.3576266e+00
   3.0610716e+00
   5.4393411e+00
   1.0572733e+01
   4.2860114e+00
  -8.1178970e+00
   7.6428526e+00
   2.6885996e+01
   9.2626791e-01
   1.5660522e+01
  -1.3367802e+01
  -9.4755719e+00
   6.3347592e+00
   1.2146416e+00
  -8.0901814e-01
  -3.4372635e+00
  -2.6807925e+00
  -6.9883952e+00
   6.1244361e-01
  -8.5192848e-01
  -8.0572986e+00
  -3.6208179e-01
  -6.7906389e+00
  -4.2770234e+00
   1.5921042e+00
  -5.3915808e+00
   1.3173411e+01
   3.4047843e+00
  -3.4504738e+00
   6.2903830e+00
  -1.7367142e+01
  -6.9633781e+00
  -1.1439029e+00
   3.2964429e+00
  -1.5026377e+01
   7.4635173e+00
   6.1414030e+00
   3.6767987e+00
  -2.3499570e+00
   9.0504380e+00
  -8.8718475e+00
   1.3380537e+01
   2.4293562e+00
  -1.4070976e+01
  -7.1909858e-01
   6.4360791e+00
   1.6535193e+01
   2.0994398e+01
  -3.7591148e-01
  -1.0709603e+00
  -6.3840233e+00
  -1.1866231e+01
  -7.6724464e-01
   4.7203040e+00
  -6.0056855e+00
  -1.1918664e+00
  -7.9556320e+00
  -1.1184648e+00
  -7.3420289e+00
  -2.3680268e+00
   1.4801876e-01
   1.3865717e+01
  -1.0577206e+01
   5.9578452e+00
  -2.3191143e-01
  -2.5496856e+01
   5.5246675e+00
   1.3029475e+01
   1.1361834e+01
   1.2623827e+01
  -1.8640126e+01
   1.2123772e+00
  -7.7714205e+00
  -7.4242697e+00
  -2.7887553e+01
  -7.4933038e+00
   4.9840179e+00
   1.0596497e+01
   1.2080074e+01
  -1.0422686e+01
   8.3093901e+00
   4.4366914e+00
  -2.2317424e+01
   7.7535459e+00
  -1.1477039e+01
   5.0987423e+00
   4.3425358e+00
  -8.4460964e+00
  -6.3518573e+00
  -3.6761798e+00
  -7.5800925e+00
  -8.7337240e+00
  -2.5948139e-01
  -5.5415344e+00
   1.3842207e+01
  -2.8389002e+00
   5.4334370e+00
  -6.8529949e-01
  -4.3425757e+00
   1.4479928e+01
   9.3501163e-01
   2.2127136e+00
   7.8680579e+00
  -1.8945888e+00
   7.2459269e+00
   1.1920725e+00
  -7.2555480e+00
  -1.0049218e+01
  -1.2677949e+01
   3.2590019e+00
   1.0991616e+01
  -1.0466218e+01
   5.1432789e-01
   6.3972168e+00
  -8.7192370e+00
   9.9828757e-01
   1.5951172e+01
  -9.6802513e-01
  -8.2281245e-01
   4.3220022e+00
   1.5071236e+00
   6.9895059e+00
   9.9291806e-01
  -1.1442703e+01
   6.3218092e+00
  -2.0715212e+00
  -4.5540852e+00
  -6.5713874e+00
   5.7332125e+00
  -5.7881484e+00
  -3.0471407e+00
   8.6805458e+00
   1.6322293e+00
   7.9226144e+00
   1.6006163e+01
   4.5115041e+00
  -3.5812905e+00
   2.9877869e+00
   5.7645711e+00
  -1.6095801e+01
  -9.6100954e+00
   1.4727909e+01
   6.6942252e+00
  -8.7620363e-01
   1.2846168e+01
  -6.0539710e+00
   3.4142830e+00
   5.9019374e+00
   1.1554967e+01
   1.5261119e+01
  -1.5070974e+01
  -2.2947674e+00
  -7.1654957e+00
   4.8391606e+00
   2.2354963e+00
   2.6450576e-01
   3.5869004e+00
   1.4948265e+01
  -1.6663964e+00
   1.0835437e+00
  -3.7203930e+00
  -3.5808675e+00
   1.8561056e+00
  -3.2246266e+00
  -5.4498566e+00
  -1.6473377e+00
   1.6952637e+01
  -3.0733955e-01
  -3.1884674e+00
  -1.2663958e+01
  -3.2565133e+00
   1.9492301e+01
   1.9171771e+00
   1.3893338e+01
   2.9066654e+00
   1.0644540e+01
  -1.1021337e+01
  -2.4400953e+01
  -1.7832785e+00
  -5.5310998e+00
  -7.1880434e+00
  -2.3332369e+01
   3.3792138e+01
  -1.2513133e+01
  -4.0196560e+00
  -1.9104034e+00
   2.1811418e+00
   3.2738049e+00
  -1.0662058e+01
  -1.7791966e+01
   5.7044379e+00
   4.8825071e+00
  -8.1268481e+00
  -1.6840704e+01
  -9.6002048e-01
   8.3060976e+00
   2.4246185e-01
  -7.5639748e+00
   8.8131102e+00
  -4.0052550e+00
   4.4181161e+00
  -5.6707926e+00
   4.0452832e+00
   2.9645543e+00
   3.9147731e+00
   1.3085645e-01
  -3.6568315e+00
   1.8193485e+00
   5.2166217e+00
  -1.1853427e+01
  -4.1181472e+00
  -1.2211886e+01
   1.9626783e+01
   4.8092630e+00
   1.4951898e+00
  -8.0336243e+00
   2.3284743e+00
   7.3461195e+00
  -1.0877618e+00
  -8.9427814e-01
   2.6415023e+00
  -6.0805842e+00
  -4.7328578e+00
   6.8423959e+00
  -2.4268377e+00
   1.3953404e+01
   1.0619414e+01
   7.4645386e+00
  -1.3203809e+00
  -1.3589303e+01
  -5.7374939e-01
   4.0991634e+00
  -1.1473344e+01
  -4.4687628e+00
   1.7288673e-01
   4.5071331e+00
   5.5514617e-01
   1.6548269e+01
   7.6600400e+00
   8.1320263e+00
   7.3729359e+00
  -1.2024529e+00
  -1.7237950e+01
   1.5146552e+01
  -2.8880743e+00
   6.4280609e+00
  -2.7165702e+00
   3.1483650e+00
  -5.4998151e+00
  -2.4761055e+00
  -8.7563494e+00
   1.4323523e+01
  -1.9443974e+01
  -5.6904972e+00
   2.5374983e+00
  -3.8216352e-01
   6.1405636e+00
   6.1292445e+00
  -1.2830673e+00
  -6.1865360e+00
   3.0107294e+00
   3.0348460e+00
  -4.8991052e+00
  -1.0629893e+01
   9.8413330e+00
  -2.4137091e+01
   1.3759605e+00
  -8.6743286e+00
  -5.2616302e+00
   1.6081791e+00
  -5.8157820e+00
  -4.0927179e+00
  -2.6957972e+01
  -8.9308352e+00
  -1.3133842e+00
  -6.5838562e+00
   3.8867339e+00
  -1.6755340e+00
  -5.2561704e+00
  -1.3363318e+00
  -1.1614542e+01
  -9.1112924e+00
   8.7826714e+00
  -1.4657930e+00
   3.6192691e+00
   2.8824467e+00
   7.6432785e+00
  -4.6945102e-01
  -7.4492751e+00
  -1.4371455e+01
   1.4916586e+01
   1.1683985e+01
  -1.4561098e+01
   2.6704659e+00
  -2.9257836e+00
  -1.7361875e+00
   8.2745937e+00
   1.2871829e+00
  -6.4635407e+00
  -1.0880138e+01
  -4.5600520e+00
   2.2707773e-02
  -7.5586378e+00
  -9.9615575e-01
  -1.7718990e+01
  -5.3608769e+00
  -2.5677724e+00
  -4.1103393e+00
   3.8198033e+00
  -7.1115903e+00
  -1.0027538e+01
   6.4830077e-01
   3.8825083e-02
  -1.4196669e+01
   1.5353155e+01
  -2.1505647e+01
  -9.1964264e-01
  -1.5854606e+00
  -1.1999577e+01
  -2.1751127e+00
   1.4122508e+01
   9.8493029e+00
   5.9375005e+00
   3.0562613e+00
   6.3522413e+00
  -4.3281350e+00
  -3.7772364e+00
  -1.8745643e+00
   1.3294624e+00
   1.9724245e+00
   2.0722525e+00
  -3.5199134e+00
   2.6097116e+01
   2.2145114e+01
  -1.6899447e+00
  -1.1455474e+00
  -1.0939903e+01
  -3.9536869e+00
  -9.3401944e+00
   3.5855177e+00
   5.8953945e+00
  -1.3924566e+01
  -3.9893728e+00
   2.9334877e+00
   4.8374616e+00
  -2.0903227e+00
  -2.3320062e+01
   1.1324744e+01
  -4.1978290e+00
  -1.2781411e+01
   1.6428245e+01
   2.4717113e+01
  -1.4393402e+01
  -9.0690932e-01
  -1.4413250e+00
   1.6021371e+01
   1.3188585e+01
  -8.0186618e+00
  -9.6830302e-01
  -3.7547296e+00
   7.9880563e+00
  -2.6917937e+01
  -9.8426048e+00
  -7.8191602e+00
   7.4588566e+00
   6.4084284e+00
  -8.9662139e-01
   9.6102474e+00
  -1.1869556e+01
   3.6725390e-01
  -1.2593831e+01
  -1.1621089e+01
   1.0538422e+01
   8.7977147e+00
  -6.1603586e+00
   1.1895085e+01
  -3.2592073e+00
   1.1247336e+01
   1.3680170e+00
   1.7181085e-01
  -3.5006858e+00
   1.5133693e+01
   7.4274334e+00
   2.7783716e+00
   8.9483001e+00
   6.1131944e+00
  -4.2761444e+00
  -1.2670893e+01
   1.4018070e+01
  -1.8467862e+01
  -1.3788101e+00
   5.5153599e+00
   9.4161337e+00
   7.9007862e+00
   4.6460061e+00
   6.3524078e+00
  -8.5839488e+00
  -1.2625525e+01
   3.6673273e+00
  -1.6226761e+00
   1.5119541e+01
   7.3919684e+00
  -6.6489341e+00
   1.6314089e+01
  -5.2757269e+00
   2.8993359e+01
  -2.7182198e+00
  -4.5113473e+00
  -1.8477117e+01
  -1.8867560e+00
  -1.8943539e+00
  -1.3258809e+01
   1.5843541e+01
   1.4708578e+00
   1.1027417e+00
  -1.2841509e+01
  -2.3628602e+00
  -7.3824393e+00
   1.6509762e+01
  -1.0961683e+01
  -6.0124386e+00
   2.9513989e+00
  -3.2092583e+00
   2.0369672e+01
   6.2962256e+00
  -1.0306589e+01
   4.0445814e-01
  -3.3488996e+00
   8.9726264e+00
  -1.1130513e+01
   1.4010335e+01
   3.8658885e+00
   1.4663567e+01
  -3.0380018e+00
  -8.4840598e+00
   4.4576706e+00
  -2.4753207e+00
   3.3460415e+00
   4.0248987e+00
  -2.2382563e+01
   2.0582500e+01
  -1.7749583e+01
  -1.0934966e+01
  -1.1797392e+01
  -6.8008673e+00
  -1.6630451e+01
   2.5048498e+00
  -2.8860326e+00
  -1.7559479e+01
   4.8218139e+00
   3.5131950e+00
  -2.7049922e+00
  -7.7525087e+00
   9.3880670e+00
  -2.2306498e+01
  -3.1199866e+00
   6.3237427e+00
   5.5442358e-01
   1.8984739e+01
   4.3981239e+00
  -5.3599174e+00
   1.4022353e+01
   8.4499732e+00
   1.2947454e+01
  -5.8126886e+00
  -1.7356860e+00
   6.9176822e+00
  -3.1352082e+00
  -1.5353085e+01
  -4.3975004e+00
  -1.4008784e+01
  -3.2743797e+00
   9.6278192e-01
  -2.1113063e+01
  -8.0785304e+00
  -1.3295815e+00
   7.3292979e+00
  -8.2650200e+00
  -5.4729422e+00
   1.5229339e+01
   2.7724325e+00
   9.1468263e+00
   1.4402179e+01
   4.7603057e+00
   6.8972824e+00
  -1.3571254e+00
   1.6150985e+01
  -1.2044656e+01
  -1.2375977e+00
  -6.8665033e+00
  -2.7436916e-01
  -1.4659174e+01
  -8.4831231e-01
  -4.6910798e+00
  -5.8558420e-01
   5.7533580e+00
   1.0053248e-01
  -1.7570462e+01
   2.9787333e+00
  -3.7644290e-01
   9.9931912e+00
  -1.7008145e+01
  -1.1053585e+01
   6.9034413e+00
  -1.0793289e+01
   1.3165461e+01
   5.3065289e+00
   1.3418426e+01
   4.0344587e+00
  -8.0578795e-01
  -3.4534664e+00
   1.3005600e+01
  -4.7827410e+00
   9.8560643e+00
  -1.3553271e+00
  -1.3089425e+01
   1.4645921e+01
   4.4570079e+00
   8.5263605e+00
   1.9197659e+01
  -1.4378839e+01
